1
1
1
1
1
1
1
1
1
1
1
1
1
1
1
1
1
1
1
1
1
1
1
1
1
1
1
1
1
1
1
1
-2
-2
-2
-2
-2
-2
-2
-2
-2
-2
-2
-2
-2
-2
-2
-2
-2
-2
-2
-2
-2
-2
-2
-2
-2
-2
-2
-2
-2
-2
-2
-2
4
4
4
4
4
4
4
4
4
4
4
4
4
4
4
4
4
4
4
4
4
4
4
4
4
4
4
4
4
4
4
4
-6
-6
-6
-6
-6
-6
-6
-6
-6
-6
-6
-6
-6
-6
-6
-6
-6
-6
-6
-6
-6
-6
-6
-6
-6
-6
-6
-6
-6
-6
-6
-6
11
11
11
11
11
11
11
11
11
11
11
11
11
11
11
11
11
11
11
11
11
11
11
11
11
11
11
11
11
11
11
11
-18
-18
-18
-18
-18
-18
-18
-18
-18
-18
-18
-18
-18
-18
-18
-18
-18
-18
-18
-18
-18
-18
-18
-18
-18
-18
-18
-18
-18
-18
-18
-18
26
26
26
26
26
26
26
26
26
26
26
26
26
26
26
26
26
26
26
26
26
26
26
26
26
26
26
26
26
26
26
26
-40
-40
-40
-40
-40
-40
-40
-40
-40
-40
-40
-40
-40
-40
-40
-40
-40
-40
-40
-40
-40
-40
-40
-40
-40
-40
-40
-40
-40
-40
-40
-40
59
59
59
59
59
59
59
59
59
59
59
59
59
59
59
59
59
59
59
59
59
59
59
59
59
59
59
59
59
59
59
59
-83
-83
-83
-83
-83
-83
-83
-83
-83
-83
-83
-83
-83
-83
-83
-83
-83
-83
-83
-83
-83
-83
-83
-83
-83
-83
-83
-83
-83
-83
-83
-83
113
113
113
113
113
113
113
113
113
113
113
113
113
113
113
113
113
113
113
113
113
113
113
113
113
113
113
113
113
113
113
113
-152
-152
-152
-152
-152
-152
-152
-152
-152
-152
-152
-152
-152
-152
-152
-152
-152
-152
-152
-152
-152
-152
-152
-152
-152
-152
-152
-152
-152
-152
-152
-152
201
201
201
201
201
201
201
201
201
201
201
201
201
201
201
201
201
201
201
201
201
201
201
201
201
201
201
201
201
201
201
201
-266
-266
-266
-266
-266
-266
-266
-266
-266
-266
-266
-266
-266
-266
-266
-266
-266
-266
-266
-266
-266
-266
-266
-266
-266
-266
-266
-266
-266
-266
-266
-266
345
345
345
345
345
345
345
345
345
345
345
345
345
345
345
345
345
345
345
345
345
345
345
345
345
345
345
345
345
345
345
345
-449
-449
-449
-449
-449
-449
-449
-449
-449
-449
-449
-449
-449
-449
-449
-449
-449
-449
-449
-449
-449
-449
-449
-449
-449
-449
-449
-449
-449
-449
-449
-449
583
583
583
583
583
583
583
583
583
583
583
583
583
583
583
583
583
583
583
583
583
583
583
583
583
583
583
583
583
583
583
583
-767
-767
-767
-767
-767
-767
-767
-767
-767
-767
-767
-767
-767
-767
-767
-767
-767
-767
-767
-767
-767
-767
-767
-767
-767
-767
-767
-767
-767
-767
-767
-767
1031
1031
1031
1031
1031
1031
1031
1031
1031
1031
1031
1031
1031
1031
1031
1031
1031
1031
1031
1031
1031
1031
1031
1031
1031
1031
1031
1031
1031
1031
1031
1031
-1451
-1451
-1451
-1451
-1451
-1451
-1451
-1451
-1451
-1451
-1451
-1451
-1451
-1451
-1451
-1451
-1451
-1451
-1451
-1451
-1451
-1451
-1451
-1451
-1451
-1451
-1451
-1451
-1451
-1451
-1451
-1451
2228
2228
2228
2228
2228
2228
2228
2228
2228
2228
2228
2228
2228
2228
2228
2228
2228
2228
2228
2228
2228
2228
2228
2228
2228
2228
2228
2228
2228
2228
2228
2228
-4220
-4220
-4220
-4220
-4220
-4220
-4220
-4220
-4220
-4220
-4220
-4220
-4220
-4220
-4220
-4220
-4220
-4220
-4220
-4220
-4220
-4220
-4220
-4220
-4220
-4220
-4220
-4220
-4220
-4220
-4220
-4220
26517
26517
26517
26517
26517
26517
26517
26517
26517
26517
26517
26517
26517
26517
26517
26517
26517
26517
26517
26517
26517
26517
26517
26517
26517
26517
26517
26517
26517
26517
26517
26517
-13514
-13514
-13514
-13514
-13514
-13514
-13514
-13514
-13514
-13514
-13514
-13514
-13514
-13514
-13514
-13514
-13514
-13514
-13514
-13514
-13514
-13514
-13514
-13514
-13514
-13514
-13514
-13514
-13514
-13514
-13514
-13514
