1
1
1
1
1
1
1
1
1
1
1
1
1
1
1
1
1
1
1
1
1
1
1
1
1
1
1
1
1
1
1
1
-3
-3
-3
-3
-3
-3
-3
-3
-3
-3
-3
-3
-3
-3
-3
-3
-3
-3
-3
-3
-3
-3
-3
-3
-3
-3
-3
-3
-3
-3
-3
-3
7
7
7
7
7
7
7
7
7
7
7
7
7
7
7
7
7
7
7
7
7
7
7
7
7
7
7
7
7
7
7
7
-11
-11
-11
-11
-11
-11
-11
-11
-11
-11
-11
-11
-11
-11
-11
-11
-11
-11
-11
-11
-11
-11
-11
-11
-11
-11
-11
-11
-11
-11
-11
-11
20
20
20
20
20
20
20
20
20
20
20
20
20
20
20
20
20
20
20
20
20
20
20
20
20
20
20
20
20
20
20
20
-33
-33
-33
-33
-33
-33
-33
-33
-33
-33
-33
-33
-33
-33
-33
-33
-33
-33
-33
-33
-33
-33
-33
-33
-33
-33
-33
-33
-33
-33
-33
-33
50
50
50
50
50
50
50
50
50
50
50
50
50
50
50
50
50
50
50
50
50
50
50
50
50
50
50
50
50
50
50
50
-74
-74
-74
-74
-74
-74
-74
-74
-74
-74
-74
-74
-74
-74
-74
-74
-74
-74
-74
-74
-74
-74
-74
-74
-74
-74
-74
-74
-74
-74
-74
-74
107
107
107
107
107
107
107
107
107
107
107
107
107
107
107
107
107
107
107
107
107
107
107
107
107
107
107
107
107
107
107
107
-150
-150
-150
-150
-150
-150
-150
-150
-150
-150
-150
-150
-150
-150
-150
-150
-150
-150
-150
-150
-150
-150
-150
-150
-150
-150
-150
-150
-150
-150
-150
-150
205
205
205
205
205
205
205
205
205
205
205
205
205
205
205
205
205
205
205
205
205
205
205
205
205
205
205
205
205
205
205
205
-276
-276
-276
-276
-276
-276
-276
-276
-276
-276
-276
-276
-276
-276
-276
-276
-276
-276
-276
-276
-276
-276
-276
-276
-276
-276
-276
-276
-276
-276
-276
-276
363
363
363
363
363
363
363
363
363
363
363
363
363
363
363
363
363
363
363
363
363
363
363
363
363
363
363
363
363
363
363
363
-476
-476
-476
-476
-476
-476
-476
-476
-476
-476
-476
-476
-476
-476
-476
-476
-476
-476
-476
-476
-476
-476
-476
-476
-476
-476
-476
-476
-476
-476
-476
-476
615
615
615
615
615
615
615
615
615
615
615
615
615
615
615
615
615
615
615
615
615
615
615
615
615
615
615
615
615
615
615
615
-793
-793
-793
-793
-793
-793
-793
-793
-793
-793
-793
-793
-793
-793
-793
-793
-793
-793
-793
-793
-793
-793
-793
-793
-793
-793
-793
-793
-793
-793
-793
-793
1020
1020
1020
1020
1020
1020
1020
1020
1020
1020
1020
1020
1020
1020
1020
1020
1020
1020
1020
1020
1020
1020
1020
1020
1020
1020
1020
1020
1020
1020
1020
1020
-1323
-1323
-1323
-1323
-1323
-1323
-1323
-1323
-1323
-1323
-1323
-1323
-1323
-1323
-1323
-1323
-1323
-1323
-1323
-1323
-1323
-1323
-1323
-1323
-1323
-1323
-1323
-1323
-1323
-1323
-1323
-1323
1744
1744
1744
1744
1744
1744
1744
1744
1744
1744
1744
1744
1744
1744
1744
1744
1744
1744
1744
1744
1744
1744
1744
1744
1744
1744
1744
1744
1744
1744
1744
1744
-2379
-2379
-2379
-2379
-2379
-2379
-2379
-2379
-2379
-2379
-2379
-2379
-2379
-2379
-2379
-2379
-2379
-2379
-2379
-2379
-2379
-2379
-2379
-2379
-2379
-2379
-2379
-2379
-2379
-2379
-2379
-2379
3463
3463
3463
3463
3463
3463
3463
3463
3463
3463
3463
3463
3463
3463
3463
3463
3463
3463
3463
3463
3463
3463
3463
3463
3463
3463
3463
3463
3463
3463
3463
3463
-5780
-5780
-5780
-5780
-5780
-5780
-5780
-5780
-5780
-5780
-5780
-5780
-5780
-5780
-5780
-5780
-5780
-5780
-5780
-5780
-5780
-5780
-5780
-5780
-5780
-5780
-5780
-5780
-5780
-5780
-5780
-5780
14813
14813
14813
14813
14813
14813
14813
14813
14813
14813
14813
14813
14813
14813
14813
14813
14813
14813
14813
14813
14813
14813
14813
14813
14813
14813
14813
14813
14813
14813
14813
14813
12035
12035
12035
12035
12035
12035
12035
12035
12035
12035
12035
12035
12035
12035
12035
12035
12035
12035
12035
12035
12035
12035
12035
12035
12035
12035
12035
12035
12035
12035
12035
12035
