0
0
0
0
0
0
0
0
0
0
0
0
0
0
0
0
0
0
0
0
0
0
0
0
0
0
0
0
0
0
0
0
-1
-1
-1
-1
-1
-1
-1
-1
-1
-1
-1
-1
-1
-1
-1
-1
-1
-1
-1
-1
-1
-1
-1
-1
-1
-1
-1
-1
-1
-1
-1
-1
2
2
2
2
2
2
2
2
2
2
2
2
2
2
2
2
2
2
2
2
2
2
2
2
2
2
2
2
2
2
2
2
-1
-1
-1
-1
-1
-1
-1
-1
-1
-1
-1
-1
-1
-1
-1
-1
-1
-1
-1
-1
-1
-1
-1
-1
-1
-1
-1
-1
-1
-1
-1
-1
4
4
4
4
4
4
4
4
4
4
4
4
4
4
4
4
4
4
4
4
4
4
4
4
4
4
4
4
4
4
4
4
-7
-7
-7
-7
-7
-7
-7
-7
-7
-7
-7
-7
-7
-7
-7
-7
-7
-7
-7
-7
-7
-7
-7
-7
-7
-7
-7
-7
-7
-7
-7
-7
9
9
9
9
9
9
9
9
9
9
9
9
9
9
9
9
9
9
9
9
9
9
9
9
9
9
9
9
9
9
9
9
-13
-13
-13
-13
-13
-13
-13
-13
-13
-13
-13
-13
-13
-13
-13
-13
-13
-13
-13
-13
-13
-13
-13
-13
-13
-13
-13
-13
-13
-13
-13
-13
21
21
21
21
21
21
21
21
21
21
21
21
21
21
21
21
21
21
21
21
21
21
21
21
21
21
21
21
21
21
21
21
-29
-29
-29
-29
-29
-29
-29
-29
-29
-29
-29
-29
-29
-29
-29
-29
-29
-29
-29
-29
-29
-29
-29
-29
-29
-29
-29
-29
-29
-29
-29
-29
39
39
39
39
39
39
39
39
39
39
39
39
39
39
39
39
39
39
39
39
39
39
39
39
39
39
39
39
39
39
39
39
-53
-53
-53
-53
-53
-53
-53
-53
-53
-53
-53
-53
-53
-53
-53
-53
-53
-53
-53
-53
-53
-53
-53
-53
-53
-53
-53
-53
-53
-53
-53
-53
70
70
70
70
70
70
70
70
70
70
70
70
70
70
70
70
70
70
70
70
70
70
70
70
70
70
70
70
70
70
70
70
-94
-94
-94
-94
-94
-94
-94
-94
-94
-94
-94
-94
-94
-94
-94
-94
-94
-94
-94
-94
-94
-94
-94
-94
-94
-94
-94
-94
-94
-94
-94
-94
121
121
121
121
121
121
121
121
121
121
121
121
121
121
121
121
121
121
121
121
121
121
121
121
121
121
121
121
121
121
121
121
-159
-159
-159
-159
-159
-159
-159
-159
-159
-159
-159
-159
-159
-159
-159
-159
-159
-159
-159
-159
-159
-159
-159
-159
-159
-159
-159
-159
-159
-159
-159
-159
206
206
206
206
206
206
206
206
206
206
206
206
206
206
206
206
206
206
206
206
206
206
206
206
206
206
206
206
206
206
206
206
-272
-272
-272
-272
-272
-272
-272
-272
-272
-272
-272
-272
-272
-272
-272
-272
-272
-272
-272
-272
-272
-272
-272
-272
-272
-272
-272
-272
-272
-272
-272
-272
368
368
368
368
368
368
368
368
368
368
368
368
368
368
368
368
368
368
368
368
368
368
368
368
368
368
368
368
368
368
368
368
-522
-522
-522
-522
-522
-522
-522
-522
-522
-522
-522
-522
-522
-522
-522
-522
-522
-522
-522
-522
-522
-522
-522
-522
-522
-522
-522
-522
-522
-522
-522
-522
815
815
815
815
815
815
815
815
815
815
815
815
815
815
815
815
815
815
815
815
815
815
815
815
815
815
815
815
815
815
815
815
-1613
-1613
-1613
-1613
-1613
-1613
-1613
-1613
-1613
-1613
-1613
-1613
-1613
-1613
-1613
-1613
-1613
-1613
-1613
-1613
-1613
-1613
-1613
-1613
-1613
-1613
-1613
-1613
-1613
-1613
-1613
-1613
26479
26479
26479
26479
26479
26479
26479
26479
26479
26479
26479
26479
26479
26479
26479
26479
26479
26479
26479
26479
26479
26479
26479
26479
26479
26479
26479
26479
26479
26479
26479
26479
-18726
-18726
-18726
-18726
-18726
-18726
-18726
-18726
-18726
-18726
-18726
-18726
-18726
-18726
-18726
-18726
-18726
-18726
-18726
-18726
-18726
-18726
-18726
-18726
-18726
-18726
-18726
-18726
-18726
-18726
-18726
-18726
