1
1
1
1
1
1
1
1
1
1
1
1
1
1
1
1
1
1
1
1
1
1
1
1
1
1
1
1
1
1
1
1
-2
-2
-2
-2
-2
-2
-2
-2
-2
-2
-2
-2
-2
-2
-2
-2
-2
-2
-2
-2
-2
-2
-2
-2
-2
-2
-2
-2
-2
-2
-2
-2
5
5
5
5
5
5
5
5
5
5
5
5
5
5
5
5
5
5
5
5
5
5
5
5
5
5
5
5
5
5
5
5
-8
-8
-8
-8
-8
-8
-8
-8
-8
-8
-8
-8
-8
-8
-8
-8
-8
-8
-8
-8
-8
-8
-8
-8
-8
-8
-8
-8
-8
-8
-8
-8
13
13
13
13
13
13
13
13
13
13
13
13
13
13
13
13
13
13
13
13
13
13
13
13
13
13
13
13
13
13
13
13
-23
-23
-23
-23
-23
-23
-23
-23
-23
-23
-23
-23
-23
-23
-23
-23
-23
-23
-23
-23
-23
-23
-23
-23
-23
-23
-23
-23
-23
-23
-23
-23
34
34
34
34
34
34
34
34
34
34
34
34
34
34
34
34
34
34
34
34
34
34
34
34
34
34
34
34
34
34
34
34
-51
-51
-51
-51
-51
-51
-51
-51
-51
-51
-51
-51
-51
-51
-51
-51
-51
-51
-51
-51
-51
-51
-51
-51
-51
-51
-51
-51
-51
-51
-51
-51
76
76
76
76
76
76
76
76
76
76
76
76
76
76
76
76
76
76
76
76
76
76
76
76
76
76
76
76
76
76
76
76
-106
-106
-106
-106
-106
-106
-106
-106
-106
-106
-106
-106
-106
-106
-106
-106
-106
-106
-106
-106
-106
-106
-106
-106
-106
-106
-106
-106
-106
-106
-106
-106
144
144
144
144
144
144
144
144
144
144
144
144
144
144
144
144
144
144
144
144
144
144
144
144
144
144
144
144
144
144
144
144
-195
-195
-195
-195
-195
-195
-195
-195
-195
-195
-195
-195
-195
-195
-195
-195
-195
-195
-195
-195
-195
-195
-195
-195
-195
-195
-195
-195
-195
-195
-195
-195
257
257
257
257
257
257
257
257
257
257
257
257
257
257
257
257
257
257
257
257
257
257
257
257
257
257
257
257
257
257
257
257
-339
-339
-339
-339
-339
-339
-339
-339
-339
-339
-339
-339
-339
-339
-339
-339
-339
-339
-339
-339
-339
-339
-339
-339
-339
-339
-339
-339
-339
-339
-339
-339
441
441
441
441
441
441
441
441
441
441
441
441
441
441
441
441
441
441
441
441
441
441
441
441
441
441
441
441
441
441
441
441
-572
-572
-572
-572
-572
-572
-572
-572
-572
-572
-572
-572
-572
-572
-572
-572
-572
-572
-572
-572
-572
-572
-572
-572
-572
-572
-572
-572
-572
-572
-572
-572
742
742
742
742
742
742
742
742
742
742
742
742
742
742
742
742
742
742
742
742
742
742
742
742
742
742
742
742
742
742
742
742
-974
-974
-974
-974
-974
-974
-974
-974
-974
-974
-974
-974
-974
-974
-974
-974
-974
-974
-974
-974
-974
-974
-974
-974
-974
-974
-974
-974
-974
-974
-974
-974
1306
1306
1306
1306
1306
1306
1306
1306
1306
1306
1306
1306
1306
1306
1306
1306
1306
1306
1306
1306
1306
1306
1306
1306
1306
1306
1306
1306
1306
1306
1306
1306
-1829
-1829
-1829
-1829
-1829
-1829
-1829
-1829
-1829
-1829
-1829
-1829
-1829
-1829
-1829
-1829
-1829
-1829
-1829
-1829
-1829
-1829
-1829
-1829
-1829
-1829
-1829
-1829
-1829
-1829
-1829
-1829
2787
2787
2787
2787
2787
2787
2787
2787
2787
2787
2787
2787
2787
2787
2787
2787
2787
2787
2787
2787
2787
2787
2787
2787
2787
2787
2787
2787
2787
2787
2787
2787
-5174
-5174
-5174
-5174
-5174
-5174
-5174
-5174
-5174
-5174
-5174
-5174
-5174
-5174
-5174
-5174
-5174
-5174
-5174
-5174
-5174
-5174
-5174
-5174
-5174
-5174
-5174
-5174
-5174
-5174
-5174
-5174
25981
25981
25981
25981
25981
25981
25981
25981
25981
25981
25981
25981
25981
25981
25981
25981
25981
25981
25981
25981
25981
25981
25981
25981
25981
25981
25981
25981
25981
25981
25981
25981
-10532
-10532
-10532
-10532
-10532
-10532
-10532
-10532
-10532
-10532
-10532
-10532
-10532
-10532
-10532
-10532
-10532
-10532
-10532
-10532
-10532
-10532
-10532
-10532
-10532
-10532
-10532
-10532
-10532
-10532
-10532
-10532
