1
1
1
1
1
1
1
1
1
1
1
1
1
1
1
1
1
1
1
1
1
1
1
1
1
1
1
1
1
1
1
1
-3
-3
-3
-3
-3
-3
-3
-3
-3
-3
-3
-3
-3
-3
-3
-3
-3
-3
-3
-3
-3
-3
-3
-3
-3
-3
-3
-3
-3
-3
-3
-3
7
7
7
7
7
7
7
7
7
7
7
7
7
7
7
7
7
7
7
7
7
7
7
7
7
7
7
7
7
7
7
7
-12
-12
-12
-12
-12
-12
-12
-12
-12
-12
-12
-12
-12
-12
-12
-12
-12
-12
-12
-12
-12
-12
-12
-12
-12
-12
-12
-12
-12
-12
-12
-12
21
21
21
21
21
21
21
21
21
21
21
21
21
21
21
21
21
21
21
21
21
21
21
21
21
21
21
21
21
21
21
21
-35
-35
-35
-35
-35
-35
-35
-35
-35
-35
-35
-35
-35
-35
-35
-35
-35
-35
-35
-35
-35
-35
-35
-35
-35
-35
-35
-35
-35
-35
-35
-35
53
53
53
53
53
53
53
53
53
53
53
53
53
53
53
53
53
53
53
53
53
53
53
53
53
53
53
53
53
53
53
53
-79
-79
-79
-79
-79
-79
-79
-79
-79
-79
-79
-79
-79
-79
-79
-79
-79
-79
-79
-79
-79
-79
-79
-79
-79
-79
-79
-79
-79
-79
-79
-79
115
115
115
115
115
115
115
115
115
115
115
115
115
115
115
115
115
115
115
115
115
115
115
115
115
115
115
115
115
115
115
115
-161
-161
-161
-161
-161
-161
-161
-161
-161
-161
-161
-161
-161
-161
-161
-161
-161
-161
-161
-161
-161
-161
-161
-161
-161
-161
-161
-161
-161
-161
-161
-161
220
220
220
220
220
220
220
220
220
220
220
220
220
220
220
220
220
220
220
220
220
220
220
220
220
220
220
220
220
220
220
220
-296
-296
-296
-296
-296
-296
-296
-296
-296
-296
-296
-296
-296
-296
-296
-296
-296
-296
-296
-296
-296
-296
-296
-296
-296
-296
-296
-296
-296
-296
-296
-296
390
390
390
390
390
390
390
390
390
390
390
390
390
390
390
390
390
390
390
390
390
390
390
390
390
390
390
390
390
390
390
390
-512
-512
-512
-512
-512
-512
-512
-512
-512
-512
-512
-512
-512
-512
-512
-512
-512
-512
-512
-512
-512
-512
-512
-512
-512
-512
-512
-512
-512
-512
-512
-512
662
662
662
662
662
662
662
662
662
662
662
662
662
662
662
662
662
662
662
662
662
662
662
662
662
662
662
662
662
662
662
662
-855
-855
-855
-855
-855
-855
-855
-855
-855
-855
-855
-855
-855
-855
-855
-855
-855
-855
-855
-855
-855
-855
-855
-855
-855
-855
-855
-855
-855
-855
-855
-855
1103
1103
1103
1103
1103
1103
1103
1103
1103
1103
1103
1103
1103
1103
1103
1103
1103
1103
1103
1103
1103
1103
1103
1103
1103
1103
1103
1103
1103
1103
1103
1103
-1435
-1435
-1435
-1435
-1435
-1435
-1435
-1435
-1435
-1435
-1435
-1435
-1435
-1435
-1435
-1435
-1435
-1435
-1435
-1435
-1435
-1435
-1435
-1435
-1435
-1435
-1435
-1435
-1435
-1435
-1435
-1435
1900
1900
1900
1900
1900
1900
1900
1900
1900
1900
1900
1900
1900
1900
1900
1900
1900
1900
1900
1900
1900
1900
1900
1900
1900
1900
1900
1900
1900
1900
1900
1900
-2610
-2610
-2610
-2610
-2610
-2610
-2610
-2610
-2610
-2610
-2610
-2610
-2610
-2610
-2610
-2610
-2610
-2610
-2610
-2610
-2610
-2610
-2610
-2610
-2610
-2610
-2610
-2610
-2610
-2610
-2610
-2610
3843
3843
3843
3843
3843
3843
3843
3843
3843
3843
3843
3843
3843
3843
3843
3843
3843
3843
3843
3843
3843
3843
3843
3843
3843
3843
3843
3843
3843
3843
3843
3843
-6585
-6585
-6585
-6585
-6585
-6585
-6585
-6585
-6585
-6585
-6585
-6585
-6585
-6585
-6585
-6585
-6585
-6585
-6585
-6585
-6585
-6585
-6585
-6585
-6585
-6585
-6585
-6585
-6585
-6585
-6585
-6585
18981
18981
18981
18981
18981
18981
18981
18981
18981
18981
18981
18981
18981
18981
18981
18981
18981
18981
18981
18981
18981
18981
18981
18981
18981
18981
18981
18981
18981
18981
18981
18981
5811
5811
5811
5811
5811
5811
5811
5811
5811
5811
5811
5811
5811
5811
5811
5811
5811
5811
5811
5811
5811
5811
5811
5811
5811
5811
5811
5811
5811
5811
5811
5811
