1
1
1
1
1
1
1
1
1
1
1
1
1
1
1
1
1
1
1
1
1
1
1
1
1
1
1
1
1
1
1
1
-2
-2
-2
-2
-2
-2
-2
-2
-2
-2
-2
-2
-2
-2
-2
-2
-2
-2
-2
-2
-2
-2
-2
-2
-2
-2
-2
-2
-2
-2
-2
-2
5
5
5
5
5
5
5
5
5
5
5
5
5
5
5
5
5
5
5
5
5
5
5
5
5
5
5
5
5
5
5
5
-9
-9
-9
-9
-9
-9
-9
-9
-9
-9
-9
-9
-9
-9
-9
-9
-9
-9
-9
-9
-9
-9
-9
-9
-9
-9
-9
-9
-9
-9
-9
-9
16
16
16
16
16
16
16
16
16
16
16
16
16
16
16
16
16
16
16
16
16
16
16
16
16
16
16
16
16
16
16
16
-27
-27
-27
-27
-27
-27
-27
-27
-27
-27
-27
-27
-27
-27
-27
-27
-27
-27
-27
-27
-27
-27
-27
-27
-27
-27
-27
-27
-27
-27
-27
-27
40
40
40
40
40
40
40
40
40
40
40
40
40
40
40
40
40
40
40
40
40
40
40
40
40
40
40
40
40
40
40
40
-60
-60
-60
-60
-60
-60
-60
-60
-60
-60
-60
-60
-60
-60
-60
-60
-60
-60
-60
-60
-60
-60
-60
-60
-60
-60
-60
-60
-60
-60
-60
-60
87
87
87
87
87
87
87
87
87
87
87
87
87
87
87
87
87
87
87
87
87
87
87
87
87
87
87
87
87
87
87
87
-121
-121
-121
-121
-121
-121
-121
-121
-121
-121
-121
-121
-121
-121
-121
-121
-121
-121
-121
-121
-121
-121
-121
-121
-121
-121
-121
-121
-121
-121
-121
-121
166
166
166
166
166
166
166
166
166
166
166
166
166
166
166
166
166
166
166
166
166
166
166
166
166
166
166
166
166
166
166
166
-223
-223
-223
-223
-223
-223
-223
-223
-223
-223
-223
-223
-223
-223
-223
-223
-223
-223
-223
-223
-223
-223
-223
-223
-223
-223
-223
-223
-223
-223
-223
-223
293
293
293
293
293
293
293
293
293
293
293
293
293
293
293
293
293
293
293
293
293
293
293
293
293
293
293
293
293
293
293
293
-384
-384
-384
-384
-384
-384
-384
-384
-384
-384
-384
-384
-384
-384
-384
-384
-384
-384
-384
-384
-384
-384
-384
-384
-384
-384
-384
-384
-384
-384
-384
-384
495
495
495
495
495
495
495
495
495
495
495
495
495
495
495
495
495
495
495
495
495
495
495
495
495
495
495
495
495
495
495
495
-637
-637
-637
-637
-637
-637
-637
-637
-637
-637
-637
-637
-637
-637
-637
-637
-637
-637
-637
-637
-637
-637
-637
-637
-637
-637
-637
-637
-637
-637
-637
-637
818
818
818
818
818
818
818
818
818
818
818
818
818
818
818
818
818
818
818
818
818
818
818
818
818
818
818
818
818
818
818
818
-1058
-1058
-1058
-1058
-1058
-1058
-1058
-1058
-1058
-1058
-1058
-1058
-1058
-1058
-1058
-1058
-1058
-1058
-1058
-1058
-1058
-1058
-1058
-1058
-1058
-1058
-1058
-1058
-1058
-1058
-1058
-1058
1388
1388
1388
1388
1388
1388
1388
1388
1388
1388
1388
1388
1388
1388
1388
1388
1388
1388
1388
1388
1388
1388
1388
1388
1388
1388
1388
1388
1388
1388
1388
1388
-1881
-1881
-1881
-1881
-1881
-1881
-1881
-1881
-1881
-1881
-1881
-1881
-1881
-1881
-1881
-1881
-1881
-1881
-1881
-1881
-1881
-1881
-1881
-1881
-1881
-1881
-1881
-1881
-1881
-1881
-1881
-1881
2707
2707
2707
2707
2707
2707
2707
2707
2707
2707
2707
2707
2707
2707
2707
2707
2707
2707
2707
2707
2707
2707
2707
2707
2707
2707
2707
2707
2707
2707
2707
2707
-4411
-4411
-4411
-4411
-4411
-4411
-4411
-4411
-4411
-4411
-4411
-4411
-4411
-4411
-4411
-4411
-4411
-4411
-4411
-4411
-4411
-4411
-4411
-4411
-4411
-4411
-4411
-4411
-4411
-4411
-4411
-4411
10327
10327
10327
10327
10327
10327
10327
10327
10327
10327
10327
10327
10327
10327
10327
10327
10327
10327
10327
10327
10327
10327
10327
10327
10327
10327
10327
10327
10327
10327
10327
10327
17512
17512
17512
17512
17512
17512
17512
17512
17512
17512
17512
17512
17512
17512
17512
17512
17512
17512
17512
17512
17512
17512
17512
17512
17512
17512
17512
17512
17512
17512
17512
17512
