1
1
1
1
1
1
1
1
1
1
1
1
1
1
1
1
1
1
1
1
1
1
1
1
1
1
1
1
1
1
1
1
-3
-3
-3
-3
-3
-3
-3
-3
-3
-3
-3
-3
-3
-3
-3
-3
-3
-3
-3
-3
-3
-3
-3
-3
-3
-3
-3
-3
-3
-3
-3
-3
6
6
6
6
6
6
6
6
6
6
6
6
6
6
6
6
6
6
6
6
6
6
6
6
6
6
6
6
6
6
6
6
-10
-10
-10
-10
-10
-10
-10
-10
-10
-10
-10
-10
-10
-10
-10
-10
-10
-10
-10
-10
-10
-10
-10
-10
-10
-10
-10
-10
-10
-10
-10
-10
18
18
18
18
18
18
18
18
18
18
18
18
18
18
18
18
18
18
18
18
18
18
18
18
18
18
18
18
18
18
18
18
-30
-30
-30
-30
-30
-30
-30
-30
-30
-30
-30
-30
-30
-30
-30
-30
-30
-30
-30
-30
-30
-30
-30
-30
-30
-30
-30
-30
-30
-30
-30
-30
46
46
46
46
46
46
46
46
46
46
46
46
46
46
46
46
46
46
46
46
46
46
46
46
46
46
46
46
46
46
46
46
-68
-68
-68
-68
-68
-68
-68
-68
-68
-68
-68
-68
-68
-68
-68
-68
-68
-68
-68
-68
-68
-68
-68
-68
-68
-68
-68
-68
-68
-68
-68
-68
99
99
99
99
99
99
99
99
99
99
99
99
99
99
99
99
99
99
99
99
99
99
99
99
99
99
99
99
99
99
99
99
-138
-138
-138
-138
-138
-138
-138
-138
-138
-138
-138
-138
-138
-138
-138
-138
-138
-138
-138
-138
-138
-138
-138
-138
-138
-138
-138
-138
-138
-138
-138
-138
189
189
189
189
189
189
189
189
189
189
189
189
189
189
189
189
189
189
189
189
189
189
189
189
189
189
189
189
189
189
189
189
-253
-253
-253
-253
-253
-253
-253
-253
-253
-253
-253
-253
-253
-253
-253
-253
-253
-253
-253
-253
-253
-253
-253
-253
-253
-253
-253
-253
-253
-253
-253
-253
333
333
333
333
333
333
333
333
333
333
333
333
333
333
333
333
333
333
333
333
333
333
333
333
333
333
333
333
333
333
333
333
-437
-437
-437
-437
-437
-437
-437
-437
-437
-437
-437
-437
-437
-437
-437
-437
-437
-437
-437
-437
-437
-437
-437
-437
-437
-437
-437
-437
-437
-437
-437
-437
563
563
563
563
563
563
563
563
563
563
563
563
563
563
563
563
563
563
563
563
563
563
563
563
563
563
563
563
563
563
563
563
-726
-726
-726
-726
-726
-726
-726
-726
-726
-726
-726
-726
-726
-726
-726
-726
-726
-726
-726
-726
-726
-726
-726
-726
-726
-726
-726
-726
-726
-726
-726
-726
933
933
933
933
933
933
933
933
933
933
933
933
933
933
933
933
933
933
933
933
933
933
933
933
933
933
933
933
933
933
933
933
-1208
-1208
-1208
-1208
-1208
-1208
-1208
-1208
-1208
-1208
-1208
-1208
-1208
-1208
-1208
-1208
-1208
-1208
-1208
-1208
-1208
-1208
-1208
-1208
-1208
-1208
-1208
-1208
-1208
-1208
-1208
-1208
1588
1588
1588
1588
1588
1588
1588
1588
1588
1588
1588
1588
1588
1588
1588
1588
1588
1588
1588
1588
1588
1588
1588
1588
1588
1588
1588
1588
1588
1588
1588
1588
-2160
-2160
-2160
-2160
-2160
-2160
-2160
-2160
-2160
-2160
-2160
-2160
-2160
-2160
-2160
-2160
-2160
-2160
-2160
-2160
-2160
-2160
-2160
-2160
-2160
-2160
-2160
-2160
-2160
-2160
-2160
-2160
3125
3125
3125
3125
3125
3125
3125
3125
3125
3125
3125
3125
3125
3125
3125
3125
3125
3125
3125
3125
3125
3125
3125
3125
3125
3125
3125
3125
3125
3125
3125
3125
-5154
-5154
-5154
-5154
-5154
-5154
-5154
-5154
-5154
-5154
-5154
-5154
-5154
-5154
-5154
-5154
-5154
-5154
-5154
-5154
-5154
-5154
-5154
-5154
-5154
-5154
-5154
-5154
-5154
-5154
-5154
-5154
12589
12589
12589
12589
12589
12589
12589
12589
12589
12589
12589
12589
12589
12589
12589
12589
12589
12589
12589
12589
12589
12589
12589
12589
12589
12589
12589
12589
12589
12589
12589
12589
14888
14888
14888
14888
14888
14888
14888
14888
14888
14888
14888
14888
14888
14888
14888
14888
14888
14888
14888
14888
14888
14888
14888
14888
14888
14888
14888
14888
14888
14888
14888
14888
