1
1
1
1
1
1
1
1
1
1
1
1
1
1
1
1
1
1
1
1
1
1
1
1
1
1
1
1
1
1
1
1
-3
-3
-3
-3
-3
-3
-3
-3
-3
-3
-3
-3
-3
-3
-3
-3
-3
-3
-3
-3
-3
-3
-3
-3
-3
-3
-3
-3
-3
-3
-3
-3
6
6
6
6
6
6
6
6
6
6
6
6
6
6
6
6
6
6
6
6
6
6
6
6
6
6
6
6
6
6
6
6
-10
-10
-10
-10
-10
-10
-10
-10
-10
-10
-10
-10
-10
-10
-10
-10
-10
-10
-10
-10
-10
-10
-10
-10
-10
-10
-10
-10
-10
-10
-10
-10
18
18
18
18
18
18
18
18
18
18
18
18
18
18
18
18
18
18
18
18
18
18
18
18
18
18
18
18
18
18
18
18
-31
-31
-31
-31
-31
-31
-31
-31
-31
-31
-31
-31
-31
-31
-31
-31
-31
-31
-31
-31
-31
-31
-31
-31
-31
-31
-31
-31
-31
-31
-31
-31
46
46
46
46
46
46
46
46
46
46
46
46
46
46
46
46
46
46
46
46
46
46
46
46
46
46
46
46
46
46
46
46
-69
-69
-69
-69
-69
-69
-69
-69
-69
-69
-69
-69
-69
-69
-69
-69
-69
-69
-69
-69
-69
-69
-69
-69
-69
-69
-69
-69
-69
-69
-69
-69
101
101
101
101
101
101
101
101
101
101
101
101
101
101
101
101
101
101
101
101
101
101
101
101
101
101
101
101
101
101
101
101
-141
-141
-141
-141
-141
-141
-141
-141
-141
-141
-141
-141
-141
-141
-141
-141
-141
-141
-141
-141
-141
-141
-141
-141
-141
-141
-141
-141
-141
-141
-141
-141
193
193
193
193
193
193
193
193
193
193
193
193
193
193
193
193
193
193
193
193
193
193
193
193
193
193
193
193
193
193
193
193
-260
-260
-260
-260
-260
-260
-260
-260
-260
-260
-260
-260
-260
-260
-260
-260
-260
-260
-260
-260
-260
-260
-260
-260
-260
-260
-260
-260
-260
-260
-260
-260
343
343
343
343
343
343
343
343
343
343
343
343
343
343
343
343
343
343
343
343
343
343
343
343
343
343
343
343
343
343
343
343
-451
-451
-451
-451
-451
-451
-451
-451
-451
-451
-451
-451
-451
-451
-451
-451
-451
-451
-451
-451
-451
-451
-451
-451
-451
-451
-451
-451
-451
-451
-451
-451
585
585
585
585
585
585
585
585
585
585
585
585
585
585
585
585
585
585
585
585
585
585
585
585
585
585
585
585
585
585
585
585
-758
-758
-758
-758
-758
-758
-758
-758
-758
-758
-758
-758
-758
-758
-758
-758
-758
-758
-758
-758
-758
-758
-758
-758
-758
-758
-758
-758
-758
-758
-758
-758
981
981
981
981
981
981
981
981
981
981
981
981
981
981
981
981
981
981
981
981
981
981
981
981
981
981
981
981
981
981
981
981
-1282
-1282
-1282
-1282
-1282
-1282
-1282
-1282
-1282
-1282
-1282
-1282
-1282
-1282
-1282
-1282
-1282
-1282
-1282
-1282
-1282
-1282
-1282
-1282
-1282
-1282
-1282
-1282
-1282
-1282
-1282
-1282
1710
1710
1710
1710
1710
1710
1710
1710
1710
1710
1710
1710
1710
1710
1710
1710
1710
1710
1710
1710
1710
1710
1710
1710
1710
1710
1710
1710
1710
1710
1710
1710
-2375
-2375
-2375
-2375
-2375
-2375
-2375
-2375
-2375
-2375
-2375
-2375
-2375
-2375
-2375
-2375
-2375
-2375
-2375
-2375
-2375
-2375
-2375
-2375
-2375
-2375
-2375
-2375
-2375
-2375
-2375
-2375
3565
3565
3565
3565
3565
3565
3565
3565
3565
3565
3565
3565
3565
3565
3565
3565
3565
3565
3565
3565
3565
3565
3565
3565
3565
3565
3565
3565
3565
3565
3565
3565
-6390
-6390
-6390
-6390
-6390
-6390
-6390
-6390
-6390
-6390
-6390
-6390
-6390
-6390
-6390
-6390
-6390
-6390
-6390
-6390
-6390
-6390
-6390
-6390
-6390
-6390
-6390
-6390
-6390
-6390
-6390
-6390
23947
23947
23947
23947
23947
23947
23947
23947
23947
23947
23947
23947
23947
23947
23947
23947
23947
23947
23947
23947
23947
23947
23947
23947
23947
23947
23947
23947
23947
23947
23947
23947
-4115
-4115
-4115
-4115
-4115
-4115
-4115
-4115
-4115
-4115
-4115
-4115
-4115
-4115
-4115
-4115
-4115
-4115
-4115
-4115
-4115
-4115
-4115
-4115
-4115
-4115
-4115
-4115
-4115
-4115
-4115
-4115
