-65536
-65536
-65536
-65536
-65536
-65536
-65536
-65536
-65536
-65536
-65536
-65536
-65536
-65536
-65536
-65536
-65536
-65536
-65536
-65536
-65536
-65536
-65536
-65536
-65536
-65536
-65536
-65536
-65536
-65536
-65536
-65536
-58254
-58254
-58254
-58254
-58254
-58254
-58254
-58254
-58254
-58254
-58254
-58254
-58254
-58254
-58254
-58254
-58254
-58254
-58254
-58254
-58254
-58254
-58254
-58254
-58254
-58254
-58254
-58254
-58254
-58254
-58254
-58254
-50972
-50972
-50972
-50972
-50972
-50972
-50972
-50972
-50972
-50972
-50972
-50972
-50972
-50972
-50972
-50972
-50972
-50972
-50972
-50972
-50972
-50972
-50972
-50972
-50972
-50972
-50972
-50972
-50972
-50972
-50972
-50972
-43691
-43691
-43691
-43691
-43691
-43691
-43691
-43691
-43691
-43691
-43691
-43691
-43691
-43691
-43691
-43691
-43691
-43691
-43691
-43691
-43691
-43691
-43691
-43691
-43691
-43691
-43691
-43691
-43691
-43691
-43691
-43691
-36409
-36409
-36409
-36409
-36409
-36409
-36409
-36409
-36409
-36409
-36409
-36409
-36409
-36409
-36409
-36409
-36409
-36409
-36409
-36409
-36409
-36409
-36409
-36409
-36409
-36409
-36409
-36409
-36409
-36409
-36409
-36409
-29127
-29127
-29127
-29127
-29127
-29127
-29127
-29127
-29127
-29127
-29127
-29127
-29127
-29127
-29127
-29127
-29127
-29127
-29127
-29127
-29127
-29127
-29127
-29127
-29127
-29127
-29127
-29127
-29127
-29127
-29127
-29127
-21845
-21845
-21845
-21845
-21845
-21845
-21845
-21845
-21845
-21845
-21845
-21845
-21845
-21845
-21845
-21845
-21845
-21845
-21845
-21845
-21845
-21845
-21845
-21845
-21845
-21845
-21845
-21845
-21845
-21845
-21845
-21845
-14564
-14564
-14564
-14564
-14564
-14564
-14564
-14564
-14564
-14564
-14564
-14564
-14564
-14564
-14564
-14564
-14564
-14564
-14564
-14564
-14564
-14564
-14564
-14564
-14564
-14564
-14564
-14564
-14564
-14564
-14564
-14564
-7282
-7282
-7282
-7282
-7282
-7282
-7282
-7282
-7282
-7282
-7282
-7282
-7282
-7282
-7282
-7282
-7282
-7282
-7282
-7282
-7282
-7282
-7282
-7282
-7282
-7282
-7282
-7282
-7282
-7282
-7282
-7282
0
0
0
0
0
0
0
0
0
0
0
0
0
0
0
0
0
0
0
0
0
0
0
0
0
0
0
0
0
0
0
0
7282
7282
7282
7282
7282
7282
7282
7282
7282
7282
7282
7282
7282
7282
7282
7282
7282
7282
7282
7282
7282
7282
7282
7282
7282
7282
7282
7282
7282
7282
7282
7282
14564
14564
14564
14564
14564
14564
14564
14564
14564
14564
14564
14564
14564
14564
14564
14564
14564
14564
14564
14564
14564
14564
14564
14564
14564
14564
14564
14564
14564
14564
14564
14564
21845
21845
21845
21845
21845
21845
21845
21845
21845
21845
21845
21845
21845
21845
21845
21845
21845
21845
21845
21845
21845
21845
21845
21845
21845
21845
21845
21845
21845
21845
21845
21845
29127
29127
29127
29127
29127
29127
29127
29127
29127
29127
29127
29127
29127
29127
29127
29127
29127
29127
29127
29127
29127
29127
29127
29127
29127
29127
29127
29127
29127
29127
29127
29127
36409
36409
36409
36409
36409
36409
36409
36409
36409
36409
36409
36409
36409
36409
36409
36409
36409
36409
36409
36409
36409
36409
36409
36409
36409
36409
36409
36409
36409
36409
36409
36409
43691
43691
43691
43691
43691
43691
43691
43691
43691
43691
43691
43691
43691
43691
43691
43691
43691
43691
43691
43691
43691
43691
43691
43691
43691
43691
43691
43691
43691
43691
43691
43691
50972
50972
50972
50972
50972
50972
50972
50972
50972
50972
50972
50972
50972
50972
50972
50972
50972
50972
50972
50972
50972
50972
50972
50972
50972
50972
50972
50972
50972
50972
50972
50972
58254
58254
58254
58254
58254
58254
58254
58254
58254
58254
58254
58254
58254
58254
58254
58254
58254
58254
58254
58254
58254
58254
58254
58254
58254
58254
58254
58254
58254
58254
58254
58254
