63484
63484
63484
63484
63484
63484
63484
63484
-63130
-63130
-63130
-63130
-63130
-63130
-63130
-63130
62748
62748
62748
62748
62748
62748
62748
62748
-62339
-62339
-62339
-62339
-62339
-62339
-62339
-62339
54108
-64993
42896
969
-44343
65213
-52990
13876
55877
-18904
-27663
60191
-62174
32606
13509
-52769
-8389
49526
-65529
48279
-6528
-38535
64043
-57051
-62741
59426
-25953
-20689
56833
-64135
38891
6089
-23060
23867
-24670
25469
-26263
27053
-27838
28618
-30568
31330
-32087
32837
-33583
34322
-35055
35783
-37594
38299
-38997
39688
-40373
41050
-41720
42383
-44027
44663
-45292
45913
-46526
47130
-47727
48315
60917
-32443
-51851
46933
38735
-57757
-22595
64071
-30741
61606
13526
-65386
4746
64060
-22648
-57731
-14085
-61409
31246
52677
-45966
-39832
57097
23876
52199
31945
-61125
-14863
65279
-3379
-64335
21357
-38893
-65526
-40705
16080
60238
57094
9118
-46018
54757
61864
20393
-37092
-65450
-42414
13927
59333
-63840
-50542
2444
53511
62559
22482
-35248
-65300
65019
32962
-24978
-63304
-51921
233
52204
63182
-63296
65503
-64246
59592
-51787
41243
-28518
14285
-52689
60198
-64525
65439
-62892
57020
-48132
36699
-34773
46543
-55852
62207
-65273
64887
-61070
54023
-12034
26431
-39432
50347
-58599
63753
-65536
63852
-28087
12309
4258
-20552
35527
-48223
57826
-63720
18291
-33515
46590
-56675
63125
-65525
63722
-57831
55450
-62448
65440
-64234
58907
-49801
37501
-22795
64661
-59906
51307
-39418
24999
-8977
-7621
23730
20489
-34024
-64688
-50008
-274
49651
64773
34492
-26887
27980
63234
54164
7127
-44905
-65461
-40131
32990
-21628
-61086
-57725
-13902
39666
65430
45330
-38732
15039
58268
60654
20524
-33993
-64682
-50032
20269
57451
-41692
-41904
57318
20530
-64974
3699
47647
-53092
-27849
63477
4178
-65035
20073
57550
-61063
-11995
65536
-12443
-60895
35151
47788
-52971
4634
63362
-28261
-52823
47959
34939
-60988
-12197
51406
-50545
49661
-48756
47830
-46883
45915
-44928
51406
-50545
49661
-48756
47830
-46883
45915
-44928
51406
-50545
49661
-48756
47830
-46883
45915
-44928
51406
-50545
49661
-48756
47830
-46883
45915
-44928
29934
-61982
59438
-23720
-25237
60108
-61432
28469
-59414
23668
25288
-60130
61413
-28420
-20435
57884
-25339
60152
-61393
28370
20487
-57910
63012
-32946
61374
-28320
-20540
57936
-62997
32898
15562
-55336
-24785
-28168
-31462
-34655
-37738
-40701
-43534
-46228
25553
28917
32189
35359
38415
41350
44152
46814
-26317
-29662
-32911
-36056
-39086
-41992
-44763
-47393
27077
30401
33628
36748
39751
42627
45368
47963
-49060
10060
33567
-61758
61548
-33035
-10670
49468
16171
-52969
65409
-47770
8163
35197
-62372
60864
63866
-58559
26322
18019
-54074
65262
-46439
6260
42306
-647
-41309
64269
-57674
24557
19853
-55133
-23592
23866
-24139
24412
-24684
24956
-25228
25499
-32443
32698
-32952
33206
-33459
33711
-33963
34214
-40569
40800
-41029
41258
-41486
41713
-41939
42164
-47789
47989
-48189
48387
-48585
48782
-48978
49172
-9754
65429
-2305
-65004
14285
62372
-25780
-57620
-31900
-54065
41864
46349
-50407
-37059
57237
26510
60243
20141
-63955
-8354
65495
-3717
-64810
15662
-63448
22188
59359
-33128
-53253
42943
45339
-51299
-21192
39278
65473
34534
-26540
-64455
-46124
12455
-4067
-56320
-59427
-10676
47391
64103
24877
-36057
28710
64845
44394
-14796
-61075
-54058
132
54206
-49012
-63563
-22647
38031
65523
35837
-25121
-64158
-55832
61713
-64937
65364
-62976
57876
-50284
40527
-41268
50887
-58315
63232
-65426
64802
-61388
55330
-22020
34286
-45075
53923
-60450
64373
-65524
63853
-272
13793
-26719
38495
-48613
56638
-62224
65130
51969
-60940
65219
-64478
58772
-48543
34576
-17948
65074
-60434
51143
-37913
21766
-3942
-14184
31219
41109
-25502
7933
10248
-27640
42904
-54865
62602
-6273
23957
-39796
52572
-61300
65310
-64291
58324
