0
0
0
0
0
0
0
0
0
0
0
0
0
0
0
0
0
0
0
0
0
0
0
0
0
0
0
0
0
0
0
0
-1
-1
-1
-1
-1
-1
-1
-1
-1
-1
-1
-1
-1
-1
-1
-1
-1
-1
-1
-1
-1
-1
-1
-1
-1
-1
-1
-1
-1
-1
-1
-1
3
3
3
3
3
3
3
3
3
3
3
3
3
3
3
3
3
3
3
3
3
3
3
3
3
3
3
3
3
3
3
3
-4
-4
-4
-4
-4
-4
-4
-4
-4
-4
-4
-4
-4
-4
-4
-4
-4
-4
-4
-4
-4
-4
-4
-4
-4
-4
-4
-4
-4
-4
-4
-4
7
7
7
7
7
7
7
7
7
7
7
7
7
7
7
7
7
7
7
7
7
7
7
7
7
7
7
7
7
7
7
7
-12
-12
-12
-12
-12
-12
-12
-12
-12
-12
-12
-12
-12
-12
-12
-12
-12
-12
-12
-12
-12
-12
-12
-12
-12
-12
-12
-12
-12
-12
-12
-12
18
18
18
18
18
18
18
18
18
18
18
18
18
18
18
18
18
18
18
18
18
18
18
18
18
18
18
18
18
18
18
18
-27
-27
-27
-27
-27
-27
-27
-27
-27
-27
-27
-27
-27
-27
-27
-27
-27
-27
-27
-27
-27
-27
-27
-27
-27
-27
-27
-27
-27
-27
-27
-27
41
41
41
41
41
41
41
41
41
41
41
41
41
41
41
41
41
41
41
41
41
41
41
41
41
41
41
41
41
41
41
41
-57
-57
-57
-57
-57
-57
-57
-57
-57
-57
-57
-57
-57
-57
-57
-57
-57
-57
-57
-57
-57
-57
-57
-57
-57
-57
-57
-57
-57
-57
-57
-57
77
77
77
77
77
77
77
77
77
77
77
77
77
77
77
77
77
77
77
77
77
77
77
77
77
77
77
77
77
77
77
77
-105
-105
-105
-105
-105
-105
-105
-105
-105
-105
-105
-105
-105
-105
-105
-105
-105
-105
-105
-105
-105
-105
-105
-105
-105
-105
-105
-105
-105
-105
-105
-105
138
138
138
138
138
138
138
138
138
138
138
138
138
138
138
138
138
138
138
138
138
138
138
138
138
138
138
138
138
138
138
138
-183
-183
-183
-183
-183
-183
-183
-183
-183
-183
-183
-183
-183
-183
-183
-183
-183
-183
-183
-183
-183
-183
-183
-183
-183
-183
-183
-183
-183
-183
-183
-183
238
238
238
238
238
238
238
238
238
238
238
238
238
238
238
238
238
238
238
238
238
238
238
238
238
238
238
238
238
238
238
238
-310
-310
-310
-310
-310
-310
-310
-310
-310
-310
-310
-310
-310
-310
-310
-310
-310
-310
-310
-310
-310
-310
-310
-310
-310
-310
-310
-310
-310
-310
-310
-310
403
403
403
403
403
403
403
403
403
403
403
403
403
403
403
403
403
403
403
403
403
403
403
403
403
403
403
403
403
403
403
403
-531
-531
-531
-531
-531
-531
-531
-531
-531
-531
-531
-531
-531
-531
-531
-531
-531
-531
-531
-531
-531
-531
-531
-531
-531
-531
-531
-531
-531
-531
-531
-531
715
715
715
715
715
715
715
715
715
715
715
715
715
715
715
715
715
715
715
715
715
715
715
715
715
715
715
715
715
715
715
715
-1012
-1012
-1012
-1012
-1012
-1012
-1012
-1012
-1012
-1012
-1012
-1012
-1012
-1012
-1012
-1012
-1012
-1012
-1012
-1012
-1012
-1012
-1012
-1012
-1012
-1012
-1012
-1012
-1012
-1012
-1012
-1012
1568
1568
1568
1568
1568
1568
1568
1568
1568
1568
1568
1568
1568
1568
1568
1568
1568
1568
1568
1568
1568
1568
1568
1568
1568
1568
1568
1568
1568
1568
1568
1568
-3032
-3032
-3032
-3032
-3032
-3032
-3032
-3032
-3032
-3032
-3032
-3032
-3032
-3032
-3032
-3032
-3032
-3032
-3032
-3032
-3032
-3032
-3032
-3032
-3032
-3032
-3032
-3032
-3032
-3032
-3032
-3032
26693
26693
26693
26693
26693
26693
26693
26693
26693
26693
26693
26693
26693
26693
26693
26693
26693
26693
26693
26693
26693
26693
26693
26693
26693
26693
26693
26693
26693
26693
26693
26693
-16265
-16265
-16265
-16265
-16265
-16265
-16265
-16265
-16265
-16265
-16265
-16265
-16265
-16265
-16265
-16265
-16265
-16265
-16265
-16265
-16265
-16265
-16265
-16265
-16265
-16265
-16265
-16265
-16265
-16265
-16265
-16265
