1
1
1
1
1
1
1
1
1
1
1
1
1
1
1
1
1
1
1
1
1
1
1
1
1
1
1
1
1
1
1
1
-3
-3
-3
-3
-3
-3
-3
-3
-3
-3
-3
-3
-3
-3
-3
-3
-3
-3
-3
-3
-3
-3
-3
-3
-3
-3
-3
-3
-3
-3
-3
-3
7
7
7
7
7
7
7
7
7
7
7
7
7
7
7
7
7
7
7
7
7
7
7
7
7
7
7
7
7
7
7
7
-12
-12
-12
-12
-12
-12
-12
-12
-12
-12
-12
-12
-12
-12
-12
-12
-12
-12
-12
-12
-12
-12
-12
-12
-12
-12
-12
-12
-12
-12
-12
-12
21
21
21
21
21
21
21
21
21
21
21
21
21
21
21
21
21
21
21
21
21
21
21
21
21
21
21
21
21
21
21
21
-34
-34
-34
-34
-34
-34
-34
-34
-34
-34
-34
-34
-34
-34
-34
-34
-34
-34
-34
-34
-34
-34
-34
-34
-34
-34
-34
-34
-34
-34
-34
-34
52
52
52
52
52
52
52
52
52
52
52
52
52
52
52
52
52
52
52
52
52
52
52
52
52
52
52
52
52
52
52
52
-78
-78
-78
-78
-78
-78
-78
-78
-78
-78
-78
-78
-78
-78
-78
-78
-78
-78
-78
-78
-78
-78
-78
-78
-78
-78
-78
-78
-78
-78
-78
-78
113
113
113
113
113
113
113
113
113
113
113
113
113
113
113
113
113
113
113
113
113
113
113
113
113
113
113
113
113
113
113
113
-158
-158
-158
-158
-158
-158
-158
-158
-158
-158
-158
-158
-158
-158
-158
-158
-158
-158
-158
-158
-158
-158
-158
-158
-158
-158
-158
-158
-158
-158
-158
-158
216
216
216
216
216
216
216
216
216
216
216
216
216
216
216
216
216
216
216
216
216
216
216
216
216
216
216
216
216
216
216
216
-290
-290
-290
-290
-290
-290
-290
-290
-290
-290
-290
-290
-290
-290
-290
-290
-290
-290
-290
-290
-290
-290
-290
-290
-290
-290
-290
-290
-290
-290
-290
-290
382
382
382
382
382
382
382
382
382
382
382
382
382
382
382
382
382
382
382
382
382
382
382
382
382
382
382
382
382
382
382
382
-502
-502
-502
-502
-502
-502
-502
-502
-502
-502
-502
-502
-502
-502
-502
-502
-502
-502
-502
-502
-502
-502
-502
-502
-502
-502
-502
-502
-502
-502
-502
-502
648
648
648
648
648
648
648
648
648
648
648
648
648
648
648
648
648
648
648
648
648
648
648
648
648
648
648
648
648
648
648
648
-836
-836
-836
-836
-836
-836
-836
-836
-836
-836
-836
-836
-836
-836
-836
-836
-836
-836
-836
-836
-836
-836
-836
-836
-836
-836
-836
-836
-836
-836
-836
-836
1077
1077
1077
1077
1077
1077
1077
1077
1077
1077
1077
1077
1077
1077
1077
1077
1077
1077
1077
1077
1077
1077
1077
1077
1077
1077
1077
1077
1077
1077
1077
1077
-1400
-1400
-1400
-1400
-1400
-1400
-1400
-1400
-1400
-1400
-1400
-1400
-1400
-1400
-1400
-1400
-1400
-1400
-1400
-1400
-1400
-1400
-1400
-1400
-1400
-1400
-1400
-1400
-1400
-1400
-1400
-1400
1849
1849
1849
1849
1849
1849
1849
1849
1849
1849
1849
1849
1849
1849
1849
1849
1849
1849
1849
1849
1849
1849
1849
1849
1849
1849
1849
1849
1849
1849
1849
1849
-2531
-2531
-2531
-2531
-2531
-2531
-2531
-2531
-2531
-2531
-2531
-2531
-2531
-2531
-2531
-2531
-2531
-2531
-2531
-2531
-2531
-2531
-2531
-2531
-2531
-2531
-2531
-2531
-2531
-2531
-2531
-2531
3705
3705
3705
3705
3705
3705
3705
3705
3705
3705
3705
3705
3705
3705
3705
3705
3705
3705
3705
3705
3705
3705
3705
3705
3705
3705
3705
3705
3705
3705
3705
3705
-6264
-6264
-6264
-6264
-6264
-6264
-6264
-6264
-6264
-6264
-6264
-6264
-6264
-6264
-6264
-6264
-6264
-6264
-6264
-6264
-6264
-6264
-6264
-6264
-6264
-6264
-6264
-6264
-6264
-6264
-6264
-6264
16957
16957
16957
16957
16957
16957
16957
16957
16957
16957
16957
16957
16957
16957
16957
16957
16957
16957
16957
16957
16957
16957
16957
16957
16957
16957
16957
16957
16957
16957
16957
16957
8994
8994
8994
8994
8994
8994
8994
8994
8994
8994
8994
8994
8994
8994
8994
8994
8994
8994
8994
8994
8994
8994
8994
8994
8994
8994
8994
8994
8994
8994
8994
8994
