1
1
1
1
1
1
1
1
1
1
1
1
1
1
1
1
1
1
1
1
1
1
1
1
1
1
1
1
1
1
1
1
-2
-2
-2
-2
-2
-2
-2
-2
-2
-2
-2
-2
-2
-2
-2
-2
-2
-2
-2
-2
-2
-2
-2
-2
-2
-2
-2
-2
-2
-2
-2
-2
5
5
5
5
5
5
5
5
5
5
5
5
5
5
5
5
5
5
5
5
5
5
5
5
5
5
5
5
5
5
5
5
-9
-9
-9
-9
-9
-9
-9
-9
-9
-9
-9
-9
-9
-9
-9
-9
-9
-9
-9
-9
-9
-9
-9
-9
-9
-9
-9
-9
-9
-9
-9
-9
16
16
16
16
16
16
16
16
16
16
16
16
16
16
16
16
16
16
16
16
16
16
16
16
16
16
16
16
16
16
16
16
-27
-27
-27
-27
-27
-27
-27
-27
-27
-27
-27
-27
-27
-27
-27
-27
-27
-27
-27
-27
-27
-27
-27
-27
-27
-27
-27
-27
-27
-27
-27
-27
41
41
41
41
41
41
41
41
41
41
41
41
41
41
41
41
41
41
41
41
41
41
41
41
41
41
41
41
41
41
41
41
-61
-61
-61
-61
-61
-61
-61
-61
-61
-61
-61
-61
-61
-61
-61
-61
-61
-61
-61
-61
-61
-61
-61
-61
-61
-61
-61
-61
-61
-61
-61
-61
89
89
89
89
89
89
89
89
89
89
89
89
89
89
89
89
89
89
89
89
89
89
89
89
89
89
89
89
89
89
89
89
-125
-125
-125
-125
-125
-125
-125
-125
-125
-125
-125
-125
-125
-125
-125
-125
-125
-125
-125
-125
-125
-125
-125
-125
-125
-125
-125
-125
-125
-125
-125
-125
171
171
171
171
171
171
171
171
171
171
171
171
171
171
171
171
171
171
171
171
171
171
171
171
171
171
171
171
171
171
171
171
-231
-231
-231
-231
-231
-231
-231
-231
-231
-231
-231
-231
-231
-231
-231
-231
-231
-231
-231
-231
-231
-231
-231
-231
-231
-231
-231
-231
-231
-231
-231
-231
305
305
305
305
305
305
305
305
305
305
305
305
305
305
305
305
305
305
305
305
305
305
305
305
305
305
305
305
305
305
305
305
-402
-402
-402
-402
-402
-402
-402
-402
-402
-402
-402
-402
-402
-402
-402
-402
-402
-402
-402
-402
-402
-402
-402
-402
-402
-402
-402
-402
-402
-402
-402
-402
521
521
521
521
521
521
521
521
521
521
521
521
521
521
521
521
521
521
521
521
521
521
521
521
521
521
521
521
521
521
521
521
-676
-676
-676
-676
-676
-676
-676
-676
-676
-676
-676
-676
-676
-676
-676
-676
-676
-676
-676
-676
-676
-676
-676
-676
-676
-676
-676
-676
-676
-676
-676
-676
876
876
876
876
876
876
876
876
876
876
876
876
876
876
876
876
876
876
876
876
876
876
876
876
876
876
876
876
876
876
876
876
-1147
-1147
-1147
-1147
-1147
-1147
-1147
-1147
-1147
-1147
-1147
-1147
-1147
-1147
-1147
-1147
-1147
-1147
-1147
-1147
-1147
-1147
-1147
-1147
-1147
-1147
-1147
-1147
-1147
-1147
-1147
-1147
1534
1534
1534
1534
1534
1534
1534
1534
1534
1534
1534
1534
1534
1534
1534
1534
1534
1534
1534
1534
1534
1534
1534
1534
1534
1534
1534
1534
1534
1534
1534
1534
-2139
-2139
-2139
-2139
-2139
-2139
-2139
-2139
-2139
-2139
-2139
-2139
-2139
-2139
-2139
-2139
-2139
-2139
-2139
-2139
-2139
-2139
-2139
-2139
-2139
-2139
-2139
-2139
-2139
-2139
-2139
-2139
3234
3234
3234
3234
3234
3234
3234
3234
3234
3234
3234
3234
3234
3234
3234
3234
3234
3234
3234
3234
3234
3234
3234
3234
3234
3234
3234
3234
3234
3234
3234
3234
-5896
-5896
-5896
-5896
-5896
-5896
-5896
-5896
-5896
-5896
-5896
-5896
-5896
-5896
-5896
-5896
-5896
-5896
-5896
-5896
-5896
-5896
-5896
-5896
-5896
-5896
-5896
-5896
-5896
-5896
-5896
-5896
25114
25114
25114
25114
25114
25114
25114
25114
25114
25114
25114
25114
25114
25114
25114
25114
25114
25114
25114
25114
25114
25114
25114
25114
25114
25114
25114
25114
25114
25114
25114
25114
-7380
-7380
-7380
-7380
-7380
-7380
-7380
-7380
-7380
-7380
-7380
-7380
-7380
-7380
-7380
-7380
-7380
-7380
-7380
-7380
-7380
-7380
-7380
-7380
-7380
-7380
-7380
-7380
-7380
-7380
-7380
-7380
