1
1
1
1
1
1
1
1
1
1
1
1
1
1
1
1
1
1
1
1
1
1
1
1
1
1
1
1
1
1
1
1
-2
-2
-2
-2
-2
-2
-2
-2
-2
-2
-2
-2
-2
-2
-2
-2
-2
-2
-2
-2
-2
-2
-2
-2
-2
-2
-2
-2
-2
-2
-2
-2
4
4
4
4
4
4
4
4
4
4
4
4
4
4
4
4
4
4
4
4
4
4
4
4
4
4
4
4
4
4
4
4
-6
-6
-6
-6
-6
-6
-6
-6
-6
-6
-6
-6
-6
-6
-6
-6
-6
-6
-6
-6
-6
-6
-6
-6
-6
-6
-6
-6
-6
-6
-6
-6
10
10
10
10
10
10
10
10
10
10
10
10
10
10
10
10
10
10
10
10
10
10
10
10
10
10
10
10
10
10
10
10
-18
-18
-18
-18
-18
-18
-18
-18
-18
-18
-18
-18
-18
-18
-18
-18
-18
-18
-18
-18
-18
-18
-18
-18
-18
-18
-18
-18
-18
-18
-18
-18
26
26
26
26
26
26
26
26
26
26
26
26
26
26
26
26
26
26
26
26
26
26
26
26
26
26
26
26
26
26
26
26
-39
-39
-39
-39
-39
-39
-39
-39
-39
-39
-39
-39
-39
-39
-39
-39
-39
-39
-39
-39
-39
-39
-39
-39
-39
-39
-39
-39
-39
-39
-39
-39
56
56
56
56
56
56
56
56
56
56
56
56
56
56
56
56
56
56
56
56
56
56
56
56
56
56
56
56
56
56
56
56
-78
-78
-78
-78
-78
-78
-78
-78
-78
-78
-78
-78
-78
-78
-78
-78
-78
-78
-78
-78
-78
-78
-78
-78
-78
-78
-78
-78
-78
-78
-78
-78
108
108
108
108
108
108
108
108
108
108
108
108
108
108
108
108
108
108
108
108
108
108
108
108
108
108
108
108
108
108
108
108
-144
-144
-144
-144
-144
-144
-144
-144
-144
-144
-144
-144
-144
-144
-144
-144
-144
-144
-144
-144
-144
-144
-144
-144
-144
-144
-144
-144
-144
-144
-144
-144
188
188
188
188
188
188
188
188
188
188
188
188
188
188
188
188
188
188
188
188
188
188
188
188
188
188
188
188
188
188
188
188
-248
-248
-248
-248
-248
-248
-248
-248
-248
-248
-248
-248
-248
-248
-248
-248
-248
-248
-248
-248
-248
-248
-248
-248
-248
-248
-248
-248
-248
-248
-248
-248
318
318
318
318
318
318
318
318
318
318
318
318
318
318
318
318
318
318
318
318
318
318
318
318
318
318
318
318
318
318
318
318
-409
-409
-409
-409
-409
-409
-409
-409
-409
-409
-409
-409
-409
-409
-409
-409
-409
-409
-409
-409
-409
-409
-409
-409
-409
-409
-409
-409
-409
-409
-409
-409
524
524
524
524
524
524
524
524
524
524
524
524
524
524
524
524
524
524
524
524
524
524
524
524
524
524
524
524
524
524
524
524
-676
-676
-676
-676
-676
-676
-676
-676
-676
-676
-676
-676
-676
-676
-676
-676
-676
-676
-676
-676
-676
-676
-676
-676
-676
-676
-676
-676
-676
-676
-676
-676
882
882
882
882
882
882
882
882
882
882
882
882
882
882
882
882
882
882
882
882
882
882
882
882
882
882
882
882
882
882
882
882
-1187
-1187
-1187
-1187
-1187
-1187
-1187
-1187
-1187
-1187
-1187
-1187
-1187
-1187
-1187
-1187
-1187
-1187
-1187
-1187
-1187
-1187
-1187
-1187
-1187
-1187
-1187
-1187
-1187
-1187
-1187
-1187
1688
1688
1688
1688
1688
1688
1688
1688
1688
1688
1688
1688
1688
1688
1688
1688
1688
1688
1688
1688
1688
1688
1688
1688
1688
1688
1688
1688
1688
1688
1688
1688
-2691
-2691
-2691
-2691
-2691
-2691
-2691
-2691
-2691
-2691
-2691
-2691
-2691
-2691
-2691
-2691
-2691
-2691
-2691
-2691
-2691
-2691
-2691
-2691
-2691
-2691
-2691
-2691
-2691
-2691
-2691
-2691
5869
5869
5869
5869
5869
5869
5869
5869
5869
5869
5869
5869
5869
5869
5869
5869
5869
5869
5869
5869
5869
5869
5869
5869
5869
5869
5869
5869
5869
5869
5869
5869
21911
21911
21911
21911
21911
21911
21911
21911
21911
21911
21911
21911
21911
21911
21911
21911
21911
21911
21911
21911
21911
21911
21911
21911
21911
21911
21911
21911
21911
21911
21911
21911
