1
1
1
1
1
1
1
1
1
1
1
1
1
1
1
1
1
1
1
1
1
1
1
1
1
1
1
1
1
1
1
1
-3
-3
-3
-3
-3
-3
-3
-3
-3
-3
-3
-3
-3
-3
-3
-3
-3
-3
-3
-3
-3
-3
-3
-3
-3
-3
-3
-3
-3
-3
-3
-3
7
7
7
7
7
7
7
7
7
7
7
7
7
7
7
7
7
7
7
7
7
7
7
7
7
7
7
7
7
7
7
7
-11
-11
-11
-11
-11
-11
-11
-11
-11
-11
-11
-11
-11
-11
-11
-11
-11
-11
-11
-11
-11
-11
-11
-11
-11
-11
-11
-11
-11
-11
-11
-11
20
20
20
20
20
20
20
20
20
20
20
20
20
20
20
20
20
20
20
20
20
20
20
20
20
20
20
20
20
20
20
20
-33
-33
-33
-33
-33
-33
-33
-33
-33
-33
-33
-33
-33
-33
-33
-33
-33
-33
-33
-33
-33
-33
-33
-33
-33
-33
-33
-33
-33
-33
-33
-33
50
50
50
50
50
50
50
50
50
50
50
50
50
50
50
50
50
50
50
50
50
50
50
50
50
50
50
50
50
50
50
50
-75
-75
-75
-75
-75
-75
-75
-75
-75
-75
-75
-75
-75
-75
-75
-75
-75
-75
-75
-75
-75
-75
-75
-75
-75
-75
-75
-75
-75
-75
-75
-75
109
109
109
109
109
109
109
109
109
109
109
109
109
109
109
109
109
109
109
109
109
109
109
109
109
109
109
109
109
109
109
109
-153
-153
-153
-153
-153
-153
-153
-153
-153
-153
-153
-153
-153
-153
-153
-153
-153
-153
-153
-153
-153
-153
-153
-153
-153
-153
-153
-153
-153
-153
-153
-153
208
208
208
208
208
208
208
208
208
208
208
208
208
208
208
208
208
208
208
208
208
208
208
208
208
208
208
208
208
208
208
208
-281
-281
-281
-281
-281
-281
-281
-281
-281
-281
-281
-281
-281
-281
-281
-281
-281
-281
-281
-281
-281
-281
-281
-281
-281
-281
-281
-281
-281
-281
-281
-281
370
370
370
370
370
370
370
370
370
370
370
370
370
370
370
370
370
370
370
370
370
370
370
370
370
370
370
370
370
370
370
370
-487
-487
-487
-487
-487
-487
-487
-487
-487
-487
-487
-487
-487
-487
-487
-487
-487
-487
-487
-487
-487
-487
-487
-487
-487
-487
-487
-487
-487
-487
-487
-487
630
630
630
630
630
630
630
630
630
630
630
630
630
630
630
630
630
630
630
630
630
630
630
630
630
630
630
630
630
630
630
630
-816
-816
-816
-816
-816
-816
-816
-816
-816
-816
-816
-816
-816
-816
-816
-816
-816
-816
-816
-816
-816
-816
-816
-816
-816
-816
-816
-816
-816
-816
-816
-816
1055
1055
1055
1055
1055
1055
1055
1055
1055
1055
1055
1055
1055
1055
1055
1055
1055
1055
1055
1055
1055
1055
1055
1055
1055
1055
1055
1055
1055
1055
1055
1055
-1376
-1376
-1376
-1376
-1376
-1376
-1376
-1376
-1376
-1376
-1376
-1376
-1376
-1376
-1376
-1376
-1376
-1376
-1376
-1376
-1376
-1376
-1376
-1376
-1376
-1376
-1376
-1376
-1376
-1376
-1376
-1376
1831
1831
1831
1831
1831
1831
1831
1831
1831
1831
1831
1831
1831
1831
1831
1831
1831
1831
1831
1831
1831
1831
1831
1831
1831
1831
1831
1831
1831
1831
1831
1831
-2533
-2533
-2533
-2533
-2533
-2533
-2533
-2533
-2533
-2533
-2533
-2533
-2533
-2533
-2533
-2533
-2533
-2533
-2533
-2533
-2533
-2533
-2533
-2533
-2533
-2533
-2533
-2533
-2533
-2533
-2533
-2533
3776
3776
3776
3776
3776
3776
3776
3776
3776
3776
3776
3776
3776
3776
3776
3776
3776
3776
3776
3776
3776
3776
3776
3776
3776
3776
3776
3776
3776
3776
3776
3776
-6662
-6662
-6662
-6662
-6662
-6662
-6662
-6662
-6662
-6662
-6662
-6662
-6662
-6662
-6662
-6662
-6662
-6662
-6662
-6662
-6662
-6662
-6662
-6662
-6662
-6662
-6662
-6662
-6662
-6662
-6662
-6662
22513
22513
22513
22513
22513
22513
22513
22513
22513
22513
22513
22513
22513
22513
22513
22513
22513
22513
22513
22513
22513
22513
22513
22513
22513
22513
22513
22513
22513
22513
22513
22513
-794
-794
-794
-794
-794
-794
-794
-794
-794
-794
-794
-794
-794
-794
-794
-794
-794
-794
-794
-794
-794
-794
-794
-794
-794
-794
-794
-794
-794
-794
-794
-794
