1
1
1
1
1
1
1
1
1
1
1
1
1
1
1
1
1
1
1
1
1
1
1
1
1
1
1
1
1
1
1
1
-3
-3
-3
-3
-3
-3
-3
-3
-3
-3
-3
-3
-3
-3
-3
-3
-3
-3
-3
-3
-3
-3
-3
-3
-3
-3
-3
-3
-3
-3
-3
-3
7
7
7
7
7
7
7
7
7
7
7
7
7
7
7
7
7
7
7
7
7
7
7
7
7
7
7
7
7
7
7
7
-12
-12
-12
-12
-12
-12
-12
-12
-12
-12
-12
-12
-12
-12
-12
-12
-12
-12
-12
-12
-12
-12
-12
-12
-12
-12
-12
-12
-12
-12
-12
-12
21
21
21
21
21
21
21
21
21
21
21
21
21
21
21
21
21
21
21
21
21
21
21
21
21
21
21
21
21
21
21
21
-35
-35
-35
-35
-35
-35
-35
-35
-35
-35
-35
-35
-35
-35
-35
-35
-35
-35
-35
-35
-35
-35
-35
-35
-35
-35
-35
-35
-35
-35
-35
-35
52
52
52
52
52
52
52
52
52
52
52
52
52
52
52
52
52
52
52
52
52
52
52
52
52
52
52
52
52
52
52
52
-78
-78
-78
-78
-78
-78
-78
-78
-78
-78
-78
-78
-78
-78
-78
-78
-78
-78
-78
-78
-78
-78
-78
-78
-78
-78
-78
-78
-78
-78
-78
-78
114
114
114
114
114
114
114
114
114
114
114
114
114
114
114
114
114
114
114
114
114
114
114
114
114
114
114
114
114
114
114
114
-159
-159
-159
-159
-159
-159
-159
-159
-159
-159
-159
-159
-159
-159
-159
-159
-159
-159
-159
-159
-159
-159
-159
-159
-159
-159
-159
-159
-159
-159
-159
-159
217
217
217
217
217
217
217
217
217
217
217
217
217
217
217
217
217
217
217
217
217
217
217
217
217
217
217
217
217
217
217
217
-293
-293
-293
-293
-293
-293
-293
-293
-293
-293
-293
-293
-293
-293
-293
-293
-293
-293
-293
-293
-293
-293
-293
-293
-293
-293
-293
-293
-293
-293
-293
-293
386
386
386
386
386
386
386
386
386
386
386
386
386
386
386
386
386
386
386
386
386
386
386
386
386
386
386
386
386
386
386
386
-507
-507
-507
-507
-507
-507
-507
-507
-507
-507
-507
-507
-507
-507
-507
-507
-507
-507
-507
-507
-507
-507
-507
-507
-507
-507
-507
-507
-507
-507
-507
-507
656
656
656
656
656
656
656
656
656
656
656
656
656
656
656
656
656
656
656
656
656
656
656
656
656
656
656
656
656
656
656
656
-848
-848
-848
-848
-848
-848
-848
-848
-848
-848
-848
-848
-848
-848
-848
-848
-848
-848
-848
-848
-848
-848
-848
-848
-848
-848
-848
-848
-848
-848
-848
-848
1095
1095
1095
1095
1095
1095
1095
1095
1095
1095
1095
1095
1095
1095
1095
1095
1095
1095
1095
1095
1095
1095
1095
1095
1095
1095
1095
1095
1095
1095
1095
1095
-1427
-1427
-1427
-1427
-1427
-1427
-1427
-1427
-1427
-1427
-1427
-1427
-1427
-1427
-1427
-1427
-1427
-1427
-1427
-1427
-1427
-1427
-1427
-1427
-1427
-1427
-1427
-1427
-1427
-1427
-1427
-1427
1894
1894
1894
1894
1894
1894
1894
1894
1894
1894
1894
1894
1894
1894
1894
1894
1894
1894
1894
1894
1894
1894
1894
1894
1894
1894
1894
1894
1894
1894
1894
1894
-2611
-2611
-2611
-2611
-2611
-2611
-2611
-2611
-2611
-2611
-2611
-2611
-2611
-2611
-2611
-2611
-2611
-2611
-2611
-2611
-2611
-2611
-2611
-2611
-2611
-2611
-2611
-2611
-2611
-2611
-2611
-2611
3868
3868
3868
3868
3868
3868
3868
3868
3868
3868
3868
3868
3868
3868
3868
3868
3868
3868
3868
3868
3868
3868
3868
3868
3868
3868
3868
3868
3868
3868
3868
3868
-6723
-6723
-6723
-6723
-6723
-6723
-6723
-6723
-6723
-6723
-6723
-6723
-6723
-6723
-6723
-6723
-6723
-6723
-6723
-6723
-6723
-6723
-6723
-6723
-6723
-6723
-6723
-6723
-6723
-6723
-6723
-6723
20845
20845
20845
20845
20845
20845
20845
20845
20845
20845
20845
20845
20845
20845
20845
20845
20845
20845
20845
20845
20845
20845
20845
20845
20845
20845
20845
20845
20845
20845
20845
20845
2532
2532
2532
2532
2532
2532
2532
2532
2532
2532
2532
2532
2532
2532
2532
2532
2532
2532
2532
2532
2532
2532
2532
2532
2532
2532
2532
2532
2532
2532
2532
2532
