0
0
0
0
0
0
0
0
0
0
0
0
0
0
0
0
0
0
0
0
0
0
0
0
0
0
0
0
0
0
0
0
-1
-1
-1
-1
-1
-1
-1
-1
-1
-1
-1
-1
-1
-1
-1
-1
-1
-1
-1
-1
-1
-1
-1
-1
-1
-1
-1
-1
-1
-1
-1
-1
3
3
3
3
3
3
3
3
3
3
3
3
3
3
3
3
3
3
3
3
3
3
3
3
3
3
3
3
3
3
3
3
-4
-4
-4
-4
-4
-4
-4
-4
-4
-4
-4
-4
-4
-4
-4
-4
-4
-4
-4
-4
-4
-4
-4
-4
-4
-4
-4
-4
-4
-4
-4
-4
7
7
7
7
7
7
7
7
7
7
7
7
7
7
7
7
7
7
7
7
7
7
7
7
7
7
7
7
7
7
7
7
-12
-12
-12
-12
-12
-12
-12
-12
-12
-12
-12
-12
-12
-12
-12
-12
-12
-12
-12
-12
-12
-12
-12
-12
-12
-12
-12
-12
-12
-12
-12
-12
18
18
18
18
18
18
18
18
18
18
18
18
18
18
18
18
18
18
18
18
18
18
18
18
18
18
18
18
18
18
18
18
-26
-26
-26
-26
-26
-26
-26
-26
-26
-26
-26
-26
-26
-26
-26
-26
-26
-26
-26
-26
-26
-26
-26
-26
-26
-26
-26
-26
-26
-26
-26
-26
38
38
38
38
38
38
38
38
38
38
38
38
38
38
38
38
38
38
38
38
38
38
38
38
38
38
38
38
38
38
38
38
-53
-53
-53
-53
-53
-53
-53
-53
-53
-53
-53
-53
-53
-53
-53
-53
-53
-53
-53
-53
-53
-53
-53
-53
-53
-53
-53
-53
-53
-53
-53
-53
73
73
73
73
73
73
73
73
73
73
73
73
73
73
73
73
73
73
73
73
73
73
73
73
73
73
73
73
73
73
73
73
-98
-98
-98
-98
-98
-98
-98
-98
-98
-98
-98
-98
-98
-98
-98
-98
-98
-98
-98
-98
-98
-98
-98
-98
-98
-98
-98
-98
-98
-98
-98
-98
128
128
128
128
128
128
128
128
128
128
128
128
128
128
128
128
128
128
128
128
128
128
128
128
128
128
128
128
128
128
128
128
-169
-169
-169
-169
-169
-169
-169
-169
-169
-169
-169
-169
-169
-169
-169
-169
-169
-169
-169
-169
-169
-169
-169
-169
-169
-169
-169
-169
-169
-169
-169
-169
216
216
216
216
216
216
216
216
216
216
216
216
216
216
216
216
216
216
216
216
216
216
216
216
216
216
216
216
216
216
216
216
-278
-278
-278
-278
-278
-278
-278
-278
-278
-278
-278
-278
-278
-278
-278
-278
-278
-278
-278
-278
-278
-278
-278
-278
-278
-278
-278
-278
-278
-278
-278
-278
354
354
354
354
354
354
354
354
354
354
354
354
354
354
354
354
354
354
354
354
354
354
354
354
354
354
354
354
354
354
354
354
-457
-457
-457
-457
-457
-457
-457
-457
-457
-457
-457
-457
-457
-457
-457
-457
-457
-457
-457
-457
-457
-457
-457
-457
-457
-457
-457
-457
-457
-457
-457
-457
594
594
594
594
594
594
594
594
594
594
594
594
594
594
594
594
594
594
594
594
594
594
594
594
594
594
594
594
594
594
594
594
-797
-797
-797
-797
-797
-797
-797
-797
-797
-797
-797
-797
-797
-797
-797
-797
-797
-797
-797
-797
-797
-797
-797
-797
-797
-797
-797
-797
-797
-797
-797
-797
1128
1128
1128
1128
1128
1128
1128
1128
1128
1128
1128
1128
1128
1128
1128
1128
1128
1128
1128
1128
1128
1128
1128
1128
1128
1128
1128
1128
1128
1128
1128
1128
-1780
-1780
-1780
-1780
-1780
-1780
-1780
-1780
-1780
-1780
-1780
-1780
-1780
-1780
-1780
-1780
-1780
-1780
-1780
-1780
-1780
-1780
-1780
-1780
-1780
-1780
-1780
-1780
-1780
-1780
-1780
-1780
3765
3765
3765
3765
3765
3765
3765
3765
3765
3765
3765
3765
3765
3765
3765
3765
3765
3765
3765
3765
3765
3765
3765
3765
3765
3765
3765
3765
3765
3765
3765
3765
23613
23613
23613
23613
23613
23613
23613
23613
23613
23613
23613
23613
23613
23613
23613
23613
23613
23613
23613
23613
23613
23613
23613
23613
23613
23613
23613
23613
23613
23613
23613
23613
