1
1
1
1
1
1
1
1
1
1
1
1
1
1
1
1
1
1
1
1
1
1
1
1
1
1
1
1
1
1
1
1
-2
-2
-2
-2
-2
-2
-2
-2
-2
-2
-2
-2
-2
-2
-2
-2
-2
-2
-2
-2
-2
-2
-2
-2
-2
-2
-2
-2
-2
-2
-2
-2
5
5
5
5
5
5
5
5
5
5
5
5
5
5
5
5
5
5
5
5
5
5
5
5
5
5
5
5
5
5
5
5
-8
-8
-8
-8
-8
-8
-8
-8
-8
-8
-8
-8
-8
-8
-8
-8
-8
-8
-8
-8
-8
-8
-8
-8
-8
-8
-8
-8
-8
-8
-8
-8
13
13
13
13
13
13
13
13
13
13
13
13
13
13
13
13
13
13
13
13
13
13
13
13
13
13
13
13
13
13
13
13
-22
-22
-22
-22
-22
-22
-22
-22
-22
-22
-22
-22
-22
-22
-22
-22
-22
-22
-22
-22
-22
-22
-22
-22
-22
-22
-22
-22
-22
-22
-22
-22
34
34
34
34
34
34
34
34
34
34
34
34
34
34
34
34
34
34
34
34
34
34
34
34
34
34
34
34
34
34
34
34
-50
-50
-50
-50
-50
-50
-50
-50
-50
-50
-50
-50
-50
-50
-50
-50
-50
-50
-50
-50
-50
-50
-50
-50
-50
-50
-50
-50
-50
-50
-50
-50
73
73
73
73
73
73
73
73
73
73
73
73
73
73
73
73
73
73
73
73
73
73
73
73
73
73
73
73
73
73
73
73
-102
-102
-102
-102
-102
-102
-102
-102
-102
-102
-102
-102
-102
-102
-102
-102
-102
-102
-102
-102
-102
-102
-102
-102
-102
-102
-102
-102
-102
-102
-102
-102
139
139
139
139
139
139
139
139
139
139
139
139
139
139
139
139
139
139
139
139
139
139
139
139
139
139
139
139
139
139
139
139
-186
-186
-186
-186
-186
-186
-186
-186
-186
-186
-186
-186
-186
-186
-186
-186
-186
-186
-186
-186
-186
-186
-186
-186
-186
-186
-186
-186
-186
-186
-186
-186
244
244
244
244
244
244
244
244
244
244
244
244
244
244
244
244
244
244
244
244
244
244
244
244
244
244
244
244
244
244
244
244
-321
-321
-321
-321
-321
-321
-321
-321
-321
-321
-321
-321
-321
-321
-321
-321
-321
-321
-321
-321
-321
-321
-321
-321
-321
-321
-321
-321
-321
-321
-321
-321
412
412
412
412
412
412
412
412
412
412
412
412
412
412
412
412
412
412
412
412
412
412
412
412
412
412
412
412
412
412
412
412
-531
-531
-531
-531
-531
-531
-531
-531
-531
-531
-531
-531
-531
-531
-531
-531
-531
-531
-531
-531
-531
-531
-531
-531
-531
-531
-531
-531
-531
-531
-531
-531
680
680
680
680
680
680
680
680
680
680
680
680
680
680
680
680
680
680
680
680
680
680
680
680
680
680
680
680
680
680
680
680
-879
-879
-879
-879
-879
-879
-879
-879
-879
-879
-879
-879
-879
-879
-879
-879
-879
-879
-879
-879
-879
-879
-879
-879
-879
-879
-879
-879
-879
-879
-879
-879
1149
1149
1149
1149
1149
1149
1149
1149
1149
1149
1149
1149
1149
1149
1149
1149
1149
1149
1149
1149
1149
1149
1149
1149
1149
1149
1149
1149
1149
1149
1149
1149
-1552
-1552
-1552
-1552
-1552
-1552
-1552
-1552
-1552
-1552
-1552
-1552
-1552
-1552
-1552
-1552
-1552
-1552
-1552
-1552
-1552
-1552
-1552
-1552
-1552
-1552
-1552
-1552
-1552
-1552
-1552
-1552
2221
2221
2221
2221
2221
2221
2221
2221
2221
2221
2221
2221
2221
2221
2221
2221
2221
2221
2221
2221
2221
2221
2221
2221
2221
2221
2221
2221
2221
2221
2221
2221
-3580
-3580
-3580
-3580
-3580
-3580
-3580
-3580
-3580
-3580
-3580
-3580
-3580
-3580
-3580
-3580
-3580
-3580
-3580
-3580
-3580
-3580
-3580
-3580
-3580
-3580
-3580
-3580
-3580
-3580
-3580
-3580
8072
8072
8072
8072
8072
8072
8072
8072
8072
8072
8072
8072
8072
8072
8072
8072
8072
8072
8072
8072
8072
8072
8072
8072
8072
8072
8072
8072
8072
8072
8072
8072
19866
19866
19866
19866
19866
19866
19866
19866
19866
19866
19866
19866
19866
19866
19866
19866
19866
19866
19866
19866
19866
19866
19866
19866
19866
19866
19866
19866
19866
19866
19866
19866
