-16272
-16272
-16272
-16272
-16272
-16272
-16272
-16272
17595
17595
17595
17595
17595
17595
17595
17595
-18911
-18911
-18911
-18911
-18911
-18911
-18911
-18911
20219
20219
20219
20219
20219
20219
20219
20219
36978
8422
-49547
65529
-48257
6496
38562
-64050
-34245
62750
-59412
25923
20720
-56849
64129
-38865
-64997
42921
937
-44318
65210
-53009
13908
32251
-18935
-27633
60178
-62185
32634
13477
-52749
65252
-61345
61036
-60715
60385
-60044
59692
-59330
58958
-57970
57562
-57144
56716
-56278
55830
-55372
54905
-53681
53181
-52671
52152
-51624
51087
-50541
49986
-48545
47960
-47367
46765
-46156
45538
-44912
44279
24169
56942
-40081
-45742
52863
30969
-61518
-13778
-57879
-22353
64125
4433
-65364
13833
61498
-31018
64005
-22890
-57608
38988
46713
-52042
-32170
61032
-39627
57223
23636
-63828
-5799
65449
-12490
-61958
52747
1140
-51362
-63533
-25814
32175
64899
46661
-36009
21628
62282
54029
3350
-49960
-64039
-27832
14812
-41719
-65490
-37836
19529
61559
55250
5556
8219
56644
60589
16957
-39990
-65536
-39619
17408
16989
-2081
-12938
27272
-40163
50931
-59006
63960
38972
-25906
11470
3573
-18427
32307
-44478
54297
55550
-46138
34286
-20621
5865
9200
-23779
37101
64422
-59970
52346
-41954
29344
-15182
217
14759
59212
-64370
65398
-62230
55071
-44379
30840
-15322
62932
-56318
46091
-32908
17613
-1189
-15312
30830
34933
-19881
3554
13001
-28722
42600
-53746
61444
-10673
26576
-40774
52357
-60581
64918
-65091
61089
-62251
-56012
-10511
42358
65535
42775
-9969
-55725
59767
59263
17218
-36895
-65147
-47734
3139
51812
-56627
-61864
-23738
31028
64045
52168
3724
-47330
52866
63787
29996
-24821
-62239
-56031
-10547
42330
62323
-31534
-50564
50389
31774
-62237
-8566
65432
-44997
-38421
59325
16299
-65403
8089
62386
-31353
-23797
64429
-228
-64344
24222
55311
-44848
-38588
65372
-16741
-59129
38790
44664
-55446
-23989
64391
40650
-41716
42764
-43793
44802
-45793
46763
-47712
40650
-41716
42764
-43793
44802
-45793
46763
-47712
40650
-41716
42764
-43793
44802
-45793
46763
-47712
40650
-41716
42764
-43793
44802
-45793
46763
-47712
-58301
21287
27607
-61093
60482
-26115
-22827
59029
-27657
61113
-60461
26064
22879
-59053
62269
-30731
60439
-26014
-22931
59077
-62251
30682
18012
-56653
22983
-59101
62234
-30633
-18065
56680
-63662
35112
-60668
-59174
-57490
-55624
-53580
-51366
-48988
-46454
60349
58811
57086
55179
53096
50845
48431
45863
-60020
-58439
-56673
-54726
-52605
-50316
-47866
-45265
59681
58058
56250
54264
52104
49778
47294
44659
43452
-64759
56287
-21930
-22511
56601
-64662
42987
63510
-38591
-4075
44866
-65026
55282
-20116
-24300
14698
29426
-60018
63010
-37027
-5984
46243
-65236
-50052
65533
-50878
12826
31124
-60761
62457
-35431
-61142
61036
-60928
60820
-60710
60598
-60486
60372
-56942
56796
-56649
56501
-56351
56201
-56049
55896
-51469
51287
-51104
50919
-50734
50547
-50360
50171
-44847
44632
-44416
44200
-43982
43764
-43545
43325
-64806
-3741
65495
-8330
-63960
20118
60252
-31223
57248
-37040
-50422
46333
41882
-54052
-31921
59935
-25802
62364
14308
-65001
-2328
65430
-9731
-63637
-16411
-61666
27776
56547
-38198
-49507
47322
40785
-62015
-52461
2872
55699
59922
11855
-46556
-64342
65410
33511
-27630
-64661
-45267
13628
60631
54725
-58913
-9494
48210
63844
23766
-37050
-65536
-36833
43506
-15960
-61499
-53372
1328
54870
60530
13370
34318
-22056
8843
4750
-18138
30746
-42029
51503
50911
-41297
29905
-17225
3804
9782
-22946
35122
61726
-55852
47573
-37246
25314
-12292
-1259
14755
65535
-64068
59842
-53039
43951
-32971
20572
-7286
39927
-24110
6438
11731
-28996
44029
-55673
63031
-7769
25351
-40981
53456
-61816
65417
-63983
57622
-51039
60370
-65054
64730
-59422
49540
-35845
19390
-65235
61000
-52070
39130
-23179
5443
12712
-29889
